unsigned char head_bmp[] = {
143, 143, 143, 143, 47, 47, 2, 51, 109, 15, 15, 15, 109, 157, 44, 141, 142, 142, 143, 143, 143, 143, 143, 
133, 133, 133, 133, 133, 45, 21, 14, 118, 8, 7, 7, 118, 11, 20, 39, 132, 133, 133, 133, 133, 133, 133, 
3, 3, 3, 4, 0, 158, 11, 7, 10, 12, 9, 8, 7, 7, 118, 124, 60, 4, 3, 3, 3, 3, 4, 
2, 2, 2, 2, 46, 116, 118, 122, 24, 112, 107, 19, 8, 7, 7, 8, 116, 53, 134, 0, 134, 2, 2, 
0, 0, 2, 130, 54, 119, 13, 96, 42, 48, 40, 58, 114, 7, 16, 7, 118, 20, 38, 36, 36, 36, 0, 
2, 131, 43, 50, 110, 11, 19, 41, 56, 52, 35, 43, 123, 7, 16, 8, 7, 119, 105, 45, 134, 134, 0, 
57, 103, 15, 115, 14, 14, 14, 124, 101, 23, 61, 103, 13, 7, 7, 10, 10, 118, 124, 31, 158, 36, 0, 
15, 11, 119, 119, 8, 16, 118, 118, 118, 119, 120, 14, 11, 119, 10, 7, 8, 8, 9, 11, 14, 20, 49, 
117, 117, 17, 17, 113, 14, 121, 9, 118, 8, 10, 12, 13, 120, 11, 9, 8, 10, 10, 10, 12, 11, 22, 
86, 25, 27, 1, 1, 56, 78, 84, 108, 115, 119, 9, 9, 12, 9, 11, 11, 10, 10, 12, 12, 119, 15, 
0, 62, 156, 32, 30, 111, 77, 70, 72, 109, 85, 106, 115, 120, 18, 115, 94, 11, 10, 9, 9, 119, 116, 
133, 153, 186, 125, 242, 81, 95, 85, 1, 95, 70, 66, 79, 91, 92, 77, 89, 99, 120, 123, 116, 115, 101, 
28, 65, 85, 79, 83, 241, 84, 71, 104, 83, 70, 79, 91, 66, 92, 76, 75, 89, 84, 71, 84, 85, 65, 
97, 66, 70, 66, 70, 91, 79, 69, 93, 78, 79, 90, 90, 69, 90, 73, 73, 90, 85, 111, 93, 92, 93, 
83, 70, 78, 78, 69, 66, 78, 78, 78, 77, 76, 73, 76, 79, 90, 99, 89, 84, 71, 83, 85, 92, 77, 
97, 92, 70, 66, 66, 66, 82, 90, 76, 75, 74, 73, 101, 78, 91, 90, 93, 78, 85, 85, 92, 92, 95, 
29, 95, 84, 85, 93, 90, 75, 75, 68, 67, 74, 89, 84, 69, 79, 78, 93, 65, 93, 84, 93, 65, 21, 
134, 86, 80, 89, 94, 75, 68, 68, 74, 67, 75, 83, 66, 79, 69, 92, 63, 163, 103, 64, 64, 112, 4, 
3, 98, 94, 75, 68, 68, 68, 68, 75, 88, 101, 79, 66, 69, 71, 95, 87, 46, 46, 3, 4, 2, 3, 
130, 131, 107, 76, 88, 89, 88, 89, 82, 83, 85, 85, 77, 65, 86, 26, 130, 130, 131, 131, 130, 130, 131, 
195, 191, 164, 177, 97, 95, 102, 125, 63, 65, 65, 208, 188, 34, 193, 195, 196, 196, 195, 195, 195, 195, 195, 
};